# x	mu	std
-1.000000	-0.005195	0.760469
-0.939698	0.011924	0.731663
-0.879397	0.032435	0.701158
-0.819095	0.056642	0.669115
-0.758794	0.084843	0.635737
-0.698492	0.117326	0.601269
-0.638191	0.154358	0.566000
-0.577889	0.196189	0.530263
-0.517588	0.243038	0.494434
-0.457286	0.295091	0.458931
-0.396985	0.352499	0.424215
-0.336683	0.415369	0.390787
-0.276382	0.483760	0.359182
-0.216080	0.557685	0.329956
-0.155779	0.637102	0.303666
-0.095477	0.721916	0.280829
-0.035176	0.811979	0.261861
0.025126	0.907088	0.247005
0.085427	1.006989	0.236252
0.145729	1.111379	0.229311
0.206030	1.219908	0.225629
0.266332	1.332191	0.224477
0.326633	1.447806	0.225065
0.386935	1.566306	0.226643
0.447236	1.687228	0.228566
0.507538	1.810098	0.230330
0.567839	1.934444	0.231571
0.628141	2.059802	0.232052
0.688442	2.185729	0.231652
0.748744	2.311807	0.230340
0.809045	2.437659	0.228158
0.869347	2.562949	0.225208
0.929648	2.687394	0.221633
0.989950	2.810767	0.217608
1.050251	2.932903	0.213326
1.110553	3.053699	0.208986
1.170854	3.173118	0.204787
1.231156	3.291185	0.200915
1.291457	3.407986	0.197533
1.351759	3.523665	0.194778
1.412060	3.638415	0.192749
1.472362	3.752473	0.191506
1.532663	3.866108	0.191064
1.592965	3.979616	0.191401
1.653266	4.093304	0.192454
1.713568	4.207484	0.194128
1.773869	4.322456	0.196306
1.834171	4.438502	0.198850
1.894472	4.555872	0.201613
1.954774	4.674775	0.204443
2.015075	4.795373	0.207190
2.075377	4.917768	0.209710
2.135678	5.042004	0.211869
2.195980	5.168058	0.213550
2.256281	5.295841	0.214652
2.316583	5.425199	0.215100
2.376884	5.555915	0.214842
2.437186	5.687717	0.213859
2.497487	5.820280	0.212163
2.557789	5.953243	0.209802
2.618090	6.086212	0.206863
2.678392	6.218777	0.203472
2.738693	6.350523	0.199792
2.798995	6.481044	0.196018
2.859296	6.609956	0.192375
2.919598	6.736907	0.189101
2.979899	6.861594	0.186433
3.040201	6.983772	0.184588
3.100503	7.103258	0.183737
3.160804	7.219944	0.183989
3.221106	7.333798	0.185376
3.281407	7.444866	0.187852
3.341709	7.553272	0.191296
3.402010	7.659211	0.195536
3.462312	7.762948	0.200365
3.522613	7.864805	0.205565
3.582915	7.965151	0.210926
3.643216	8.064392	0.216258
3.703518	8.162952	0.221407
3.763819	8.261264	0.226251
3.824121	8.359751	0.230710
3.884422	8.458814	0.234742
3.944724	8.558816	0.238341
4.005025	8.660071	0.241533
4.065327	8.762836	0.244370
4.125628	8.867298	0.246922
4.185930	8.973573	0.249272
4.246231	9.081700	0.251508
4.306533	9.191645	0.253713
4.366834	9.303301	0.255962
4.427136	9.416497	0.258314
4.487437	9.531006	0.260808
4.547739	9.646552	0.263464
4.608040	9.762829	0.266278
4.668342	9.879511	0.269228
4.728643	9.996265	0.272274
4.788945	10.112769	0.275363
4.849246	10.228722	0.278437
4.909548	10.343859	0.281430
4.969849	10.457962	0.284279
5.030151	10.570865	0.286924
5.090452	10.682463	0.289311
5.150754	10.792716	0.291394
5.211055	10.901645	0.293137
5.271357	11.009335	0.294512
5.331658	11.115926	0.295501
5.391960	11.221606	0.296094
5.452261	11.326601	0.296288
5.512563	11.431164	0.296088
5.572864	11.535562	0.295504
5.633166	11.640062	0.294551
5.693467	11.744916	0.293249
5.753769	11.850354	0.291622
5.814070	11.956565	0.289702
5.874372	12.063691	0.287522
5.934673	12.171817	0.285125
5.994975	12.280968	0.282561
6.055276	12.391102	0.279889
6.115578	12.502114	0.277177
6.175879	12.613835	0.274502
6.236181	12.726038	0.271951
6.296482	12.838448	0.269615
6.356784	12.950749	0.267592
6.417085	13.062598	0.265977
6.477387	13.173637	0.264859
6.537688	13.283507	0.264311
6.597990	13.391867	0.264392
6.658291	13.498400	0.265129
6.718593	13.602838	0.266523
6.778894	13.704966	0.268543
6.839196	13.804640	0.271125
6.899497	13.901797	0.274179
6.959799	13.996458	0.277593
7.020101	14.088741	0.281238
7.080402	14.178861	0.284978
7.140704	14.267131	0.288679
7.201005	14.353962	0.292211
7.261307	14.439858	0.295461
7.321608	14.525412	0.298333
7.381910	14.611294	0.300752
7.442211	14.698243	0.302668
7.502513	14.787055	0.304057
7.562814	14.878566	0.304920
7.623116	14.973636	0.305279
7.683417	15.073135	0.305180
7.743719	15.177922	0.304684
7.804020	15.288825	0.303867
7.864322	15.406622	0.302814
7.924623	15.532022	0.301614
7.984925	15.665640	0.300356
8.045226	15.807981	0.299123
8.105528	15.959417	0.297992
8.165829	16.120168	0.297026
8.226131	16.290284	0.296275
8.286432	16.469626	0.295775
8.346734	16.657852	0.295546
8.407035	16.854404	0.295593
8.467337	17.058496	0.295909
8.527638	17.269104	0.296473
8.587940	17.484965	0.297254
8.648241	17.704576	0.298213
8.708543	17.926194	0.299304
8.768844	18.147844	0.300476
8.829146	18.367336	0.301676
8.889447	18.582275	0.302849
8.949749	18.790088	0.303946
9.010050	18.988048	0.304924
9.070352	19.173306	0.305754
9.130653	19.342928	0.306425
9.190955	19.493930	0.306950
9.251256	19.623325	0.307376
9.311558	19.728167	0.307789
9.371859	19.805595	0.308321
9.432161	19.852886	0.309154
9.492462	19.867498	0.310522
9.552764	19.847121	0.312706
9.613065	19.789717	0.316026
9.673367	19.693564	0.320819
9.733668	19.557294	0.327422
9.793970	19.379919	0.336137
9.854271	19.160866	0.347204
9.914573	18.899988	0.360779
9.974874	18.597578	0.376921
10.035176	18.254375	0.395586
10.095477	17.871558	0.416635
10.155779	17.450735	0.439853
10.216080	16.993924	0.464967
10.276382	16.503523	0.491660
10.336683	15.982281	0.519595
10.396985	15.433255	0.548425
10.457286	14.859766	0.577807
10.517588	14.265349	0.607410
10.577889	13.653704	0.636921
10.638191	13.028638	0.666051
10.698492	12.394015	0.694540
10.758794	11.753695	0.722157
10.819095	11.111488	0.748702
10.879397	10.471102	0.774007
10.939698	9.836093	0.797939
11.000000	9.209829	0.820396
