# x	mu	std
-1.000000	-0.867421	9.901510
-0.964824	-0.969652	9.871604
-0.929648	-1.076988	9.834246
-0.894472	-1.188416	9.788086
-0.859296	-1.302682	9.731663
-0.824121	-1.418285	9.663430
-0.788945	-1.533492	9.581792
-0.753769	-1.646354	9.485145
-0.718593	-1.754733	9.371928
-0.683417	-1.856341	9.240677
-0.648241	-1.948793	9.090093
-0.613065	-2.029661	8.919102
-0.577889	-2.096546	8.726924
-0.542714	-2.147155	8.513144
-0.507538	-2.179375	8.277765
-0.472362	-2.191365	8.021271
-0.437186	-2.181631	7.744674
-0.402010	-2.149108	7.449544
-0.366834	-2.093231	7.138042
-0.331658	-2.013991	6.812923
-0.296482	-1.911984	6.477533
-0.261307	-1.788437	6.135783
-0.226131	-1.645216	5.792109
-0.190955	-1.484812	5.451395
-0.155779	-1.310305	5.118878
-0.120603	-1.125304	4.800001
-0.085427	-0.933871	4.500214
-0.050251	-0.740418	4.224707
-0.015075	-0.549598	3.978069
0.020101	-0.366175	3.763887
0.055276	-0.194895	3.584345
0.090452	-0.040350	3.439896
0.125628	0.093151	3.329137
0.160804	0.201700	3.248939
0.195980	0.281900	3.194861
0.231156	0.330946	3.161721
0.266332	0.346694	3.144211
0.301508	0.327695	3.137411
0.336683	0.273211	3.137132
0.371859	0.183198	3.140088
0.407035	0.058265	3.143914
0.442211	-0.100381	3.147089
0.477387	-0.291025	3.148798
0.512563	-0.511530	3.148769
0.547739	-0.759444	3.147110
0.582915	-1.032107	3.144161
0.618090	-1.326752	3.140361
0.653266	-1.640602	3.136159
0.688442	-1.970957	3.131939
0.723618	-2.315257	3.127988
0.758794	-2.671134	3.124478
0.793970	-3.036443	3.121477
0.829146	-3.409273	3.118963
0.864322	-3.787937	3.116860
0.899497	-4.170952	3.115058
0.934673	-4.557002	3.113442
0.969849	-4.944895	3.111911
1.005025	-5.333519	3.110390
1.040201	-5.721796	3.108835
1.075377	-6.108640	3.107236
1.110553	-6.492938	3.105609
1.145729	-6.873526	3.103990
1.180905	-7.249196	3.102433
1.216080	-7.618712	3.100993
1.251256	-7.980848	3.099728
1.286432	-8.334436	3.098694
1.321608	-8.678432	3.097934
1.356784	-9.011990	3.097486
1.391960	-9.334541	3.097373
1.427136	-9.645873	3.097607
1.462312	-9.946203	3.098187
1.497487	-10.236244	3.099098
1.532663	-10.517252	3.100308
1.567839	-10.791057	3.101775
1.603015	-11.060066	3.103438
1.638191	-11.327248	3.105229
1.673367	-11.596082	3.107066
1.708543	-11.870488	3.108864
1.743719	-12.154730	3.110535
1.778894	-12.453291	3.111998
1.814070	-12.770738	3.113180
1.849246	-13.111568	3.114023
1.884422	-13.480052	3.114489
1.919598	-13.880071	3.114564
1.954774	-14.314968	3.114259
1.989950	-14.787404	3.113610
2.025126	-15.299241	3.112679
2.060302	-15.851446	3.111548
2.095477	-16.444030	3.110316
2.130653	-17.076016	3.109092
2.165829	-17.745451	3.107992
2.201005	-18.449452	3.107129
2.236181	-19.184287	3.106607
2.271357	-19.945503	3.106518
2.306533	-20.728068	3.106929
2.341709	-21.526558	3.107889
2.376884	-22.335353	3.109416
2.412060	-23.148849	3.111499
2.447236	-23.961677	3.114103
2.482412	-24.768916	3.117160
2.517588	-25.566299	3.120585
2.552764	-26.350398	3.124268
2.587940	-27.118777	3.128090
2.623116	-27.870120	3.131922
2.658291	-28.604319	3.135635
2.693467	-29.322514	3.139110
2.728643	-30.027096	3.142237
2.763819	-30.721658	3.144930
2.798995	-31.410912	3.147124
2.834171	-32.100555	3.148786
2.869347	-32.797099	3.149907
2.904523	-33.507680	3.150513
2.939698	-34.239827	3.150650
2.974874	-35.001225	3.150391
3.010050	-35.799464	3.149821
3.045226	-36.641791	3.149035
3.080402	-37.534863	3.148130
3.115578	-38.484527	3.147195
3.150754	-39.495615	3.146308
3.185930	-40.571772	3.145527
3.221106	-41.715329	3.144892
3.256281	-42.927204	3.144418
3.291457	-44.206865	3.144104
3.326633	-45.552328	3.143928
3.361809	-46.960207	3.143858
3.396985	-48.425819	3.143858
3.432161	-49.943323	3.143890
3.467337	-51.505907	3.143921
3.502513	-53.106007	3.143931
3.537688	-54.735559	3.143912
3.572864	-56.386269	3.143869
3.608040	-58.049892	3.143821
3.643216	-59.718516	3.143796
3.678392	-61.384839	3.143824
3.713568	-63.042422	3.143935
3.748744	-64.685914	3.144152
3.783920	-66.311237	3.144486
3.819095	-67.915724	3.144935
3.854271	-69.498192	3.145480
3.889447	-71.058965	3.146096
3.924623	-72.599809	3.146749
3.959799	-74.123817	3.147414
3.994975	-75.635212	3.148077
4.030151	-77.139083	3.148749
4.065327	-78.641068	3.149471
4.100503	-80.146975	3.150320
4.135678	-81.662371	3.151400
4.170854	-83.192140	3.152834
4.206030	-84.740029	3.154743
4.241206	-86.308205	3.157222
4.276382	-87.896834	3.160311
4.311558	-89.503705	3.163963
4.346734	-91.123912	3.168028
4.381910	-92.749621	3.172242
4.417085	-94.369922	3.176239
4.452261	-95.970792	3.179593
4.487437	-97.535163	3.181883
4.522613	-99.043116	3.182791
4.557789	-100.472182	3.182228
4.592965	-101.797759	3.180485
4.628141	-102.993631	3.178389
4.663317	-104.032571	3.177467
4.698492	-104.887020	3.180069
4.733668	-105.529807	3.189442
4.768844	-105.934905	3.209700
4.804020	-106.078175	3.245645
4.839196	-105.938093	3.302433
4.874372	-105.496426	3.385069
4.909548	-104.738823	3.497821
4.944724	-103.655324	3.643675
4.979899	-102.240740	3.823947
5.015075	-100.494920	4.038154
5.050251	-98.422865	4.284141
5.085427	-96.034716	4.558385
5.120603	-93.345588	4.856384
5.155779	-90.375281	5.173036
5.190955	-87.147862	5.502979
5.226131	-83.691140	5.840850
5.261307	-80.036054	6.181485
5.296482	-76.215990	6.520062
5.331658	-72.266056	6.852204
5.366834	-68.222333	7.174051
5.402010	-64.121130	7.482303
5.437186	-59.998263	7.774247
5.472362	-55.888379	8.047759
5.507538	-51.824342	8.301299
5.542714	-47.836697	8.533882
5.577889	-43.953223	8.745046
5.613065	-40.198579	8.934801
5.648241	-36.594054	9.103575
5.683417	-33.157409	9.252151
5.718593	-29.902824	9.381603
5.753769	-26.840926	9.493227
5.788945	-23.978903	9.588479
5.824121	-21.320683	9.668910
5.859296	-18.867180	9.736109
5.894472	-16.616576	9.791659
5.929648	-14.564642	9.837087
5.964824	-12.705076	9.873840
6.000000	-11.029856	9.903252
